0.772 0.765 0.33009 0.27586
0.6 0.485 0.51786 0.44444
0.467 0.824 0.24242 0.25397
0.362 0.8 0.18182 0.26667
0.426 0.87 0.23405 0.36782
0.471 1.0 0.27273 0.32653
0.474 0.75 0.08333 0.17647
0.469 0.882 0.42105 0.50485
0.611 0.579 0.38597 0.44944
0.5 1.0 0.47457 0.61403
0.453 0.733 0.15909 0.23256
0.321 0.786 0.17544 0.10715
0.413 0.571 0.42858 0.35772
0.66 0.526 0.28169 0.31746
0.415 1.0 0.32 0.3721
0.536 0.933 0.35185 0.35644
0.484 0.867 0.48979 0.68469
0.5 0.889 0.37681 0.36364
0.509 0.8 0.48936 0.5647
0.636 0.889 0.32098 0.24719
0.61 0.833 0.26168 0.29091
0.364 0.621 0.15 0.20779
0.581 0.846 0.36364 0.36782
0.667 0.774 0.22951 0.39535
0.465 0.941 0.29906 0.48649
0.667 0.95 0.3871 0.52747
0.571 0.441 0.32609 0.45161
0.466 0.667 0.48648 0.51471
0.453 1.0 0.35443 0.33333
0.622 0.676 0.36364 0.31915
0.436 0.737 0.42106 0.41071
0.395 0.789 0.22858 0.22858
0.522 0.542 0.61538 0.475
0.389 0.867 0.46429 0.34863
0.433 0.893 0.3913 0.38095
0.4 0.833 0.49091 0.416
0.362 1.0 0.21333 0.19048
0.426 0.8 0.50435 0.45614
0.446 0.789 0.40404 0.36036
0.464 0.857 0.53333 0.64198
0.519 0.636 0.3421 0.29411
0.511 0.632 0.26923 0.4909
0.486 0.286 0.14634 0.17822
0.542 0.765 0.24779 0.45162
0.449 0.857 0.38775 0.51282
0.481 0.957 0.51515 0.51748
0.442 0.812 0.4 0.42424
0.377 0.594 0.33735 0.42553
0.492 0.762 0.26891 0.43478
0.707 0.889 0.53191 0.58586
0.571 0.941 0.23333 0.27368
0.615 0.9 0.26667 0.22223
0.524 0.933 0.48447 0.37975
0.457 0.889 0.42105 0.37736
0.464 0.741 0.43038 0.51163
0.392 0.875 0.22222 0.3
0.591 0.895 0.36734 0.45963
0.603 0.7 0.32143 0.40425
0.367 0.588 0.31915 0.25532
0.576 0.842 0.41975 0.35556
0.579 0.696 0.30952 0.38889
0.538 0.765 0.25641 0.26966
0.44 0.833 0.39286 0.48921
0.6 0.8 0.33058 0.40278
0.404 0.789 0.45 0.35714
0.675 0.7 0.32653 0.33645
0.44 0.909 0.41666 0.36036
0.468 0.929 0.34188 0.44117
0.597 0.833 0.33898 0.41666
0.388 1.0 0.49382 0.29629
0.41 0.895 0.31035 0.39583
0.488 0.621 0.31579 0.36923
0.447 0.7 0.2766 0.51724
0.364 0.737 0.45714 0.46377
0.491 0.846 0.21621 0.19672
0.354 0.882 0.31405 0.34646
0.471 0.75 0.46154 0.39175
0.457 1.0 0.47826 0.36923
0.65 0.789 0.21782 0.2931
0.632 0.8 0.26667 0.24615
0.474 0.944 0.42105 0.3913
0.484 0.737 0.23404 0.34426
0.439 1.0 0.27161 0.30953
0.436 0.722 0.34146 0.41463
0.353 0.75 0.22222 0.15385
0.649 0.684 0.30508 0.50349
0.372 0.65 0.41558 0.58824
0.514 0.737 0.17392 0.2549
0.527 0.762 0.51852 0.42373
0.435 0.786 0.29412 0.21918
0.419 0.789 0.37362 0.48936
0.468 0.882 0.31405 0.42202
0.489 0.824 0.37334 0.33802
0.565 0.9 0.42373 0.31481
0.54 0.727 0.60759 0.45161
0.386 1.0 0.41096 0.4557
0.545 0.842 0.39474 0.39584
0.435 0.69 0.44 0.41122
0.42 0.682 0.4898 0.45283
0.389 0.667 0.34568 0.3871
0.562 0.917 0.37778 0.4381
0.588 0.64 0.08421 0.23404
0.377 0.688 0.46316 0.38298
0.571 0.441 0.32609 0.45161
0.426 0.75 0.59615 0.52
0.867 0.667 0.53097 0.62774
0.821 0.571 0.32 0.3662
0.793 0.667 0.28319 0.36975
1.0 1.0 0.47826 0.36923
1.0 1.0 0.42202 0.45313
0.818 0.909 0.58334 0.43902
1.0 0.789 0.27957 0.37255
0.484 0.889 0.42353 0.50526
1.0 1.0 0.25 0.42592
1.0 0.882 0.28571 0.30769
1.0 0.889 0.40909 0.45361
1.0 0.652 0.1875 0.2439
0.76 1.0 0.51428 0.4923
0.774 0.632 0.34863 0.45714
1.0 0.789 0.4697 0.5042
0.895 0.833 0.36145 0.28282
1.0 0.667 0.75758 0.57143
0.963 0.933 0.52428 0.61417
1.0 0.9 0.38596 0.35715
1.0 0.81 0.52747 0.62
0.857 0.769 0.57143 0.4127
0.941 0.722 0.32432 0.20225
1.0 0.824 0.47887 0.34146
0.952 0.667 0.46316 0.55914
0.64 0.719 0.33333 0.35429
0.957 0.7 0.26506 0.23404
0.9 0.8 0.30476 0.38889
0.667 1.0 0.38961 0.48
1.0 0.769 0.38095 0.32
0.762 0.882 0.58716 0.57852
0.913 0.7 0.32653 0.33645
0.444 0.95 0.37624 0.29412
1.0 0.926 0.38384 0.47525
1.0 0.7 0.38 0.325
0.538 0.667 0.37931 0.44118
1.0 1.0 0.41975 0.34884
0.933 0.833 0.49438 0.48936
1.0 0.708 0.25263 0.45455
1.0 0.842 0.34666 0.35165
1.0 0.857 0.67241 0.65546
1.0 0.938 0.4 0.38775
1.0 0.812 0.21875 0.21538
0.652 1.0 0.27586 0.44231
0.951 0.652 0.275 0.26667
1.0 1.0 0.29508 0.27398
0.95 0.85 0.38298 0.41727
0.913 0.667 0.325 0.30555
1.0 0.722 0.4466 0.30233
1.0 0.8 0.40845 0.3619
1.0 0.8 0.12069 0.23333
0.944 0.875 0.73469 0.46
0.875 0.696 0.39506 0.43479
0.875 0.526 0.28283 0.26667
1.0 0.789 0.58065 0.38095
1.0 0.824 0.2 0.32912
0.947 0.667 0.45529 0.45161
0.724 0.75 0.55555 0.60417
0.645 0.789 0.13158 0.19149
0.826 1.0 0.54762 0.54945
1.0 0.81 0.27397 0.36363
1.0 0.929 0.48148 0.39253
1.0 1.0 0.23684 0.2716
0.517 0.467 0.4359 0.58536
1.0 0.818 0.11764 0.2
0.955 0.481 0.07692 0.19672
1.0 0.938 0.33333 0.37363
0.641 0.762 0.46465 0.42202
1.0 0.923 0.21052 0.27027
0.889 0.875 0.31111 0.28283
1.0 0.941 0.29906 0.48649
1.0 0.85 0.71304 0.51724
0.895 0.833 0.36145 0.28282
0.469 0.667 0.30769 0.36207
0.519 0.667 0.35714 0.375
1.0 0.818 0.38596 0.43077
0.652 0.842 0.45283 0.50847
0.895 0.684 0.44776 0.46753
1.0 0.857 0.36559 0.45333
0.957 0.938 0.54545 0.60417
0.968 0.522 0.60715 0.45098
0.889 0.933 0.50848 0.43478
1.0 0.722 0.39622 0.29412
1.0 0.941 0.47312 0.48979
1.0 0.65 0.19178 0.13333
1.0 0.882 0.28169 0.37647
1.0 1.0 0.27397 0.2647
1.0 0.882 0.34965 0.36232
0.833 1.0 0.375 0.28866
0.773 0.722 0.41558 0.51163
0.682 0.571 0.36842 0.32558
0.741 0.714 0.46297 0.47154
0.966 0.889 0.32098 0.24719
0.935 0.515 0.38938 0.37778
0.914 0.833 0.42719 0.4
1.0 0.542 0.37957 0.41441
0.871 0.742 0.47707 0.65546
1.0 1.0 0.25 0.175
1.0 0.824 0.37288 0.44444
0.692 0.533 0.54054 0.44737
1.0 0.85 0.36112 0.34146
0.9 1.0 0.41975 0.40579
1.0 0.9 0.31579 0.28261
1.0 0.955 0.20779 0.22472
1.0 0.688 0.38597 0.32075
0.9 0.632 0.33962 0.47191
0.686 0.846 0.42719 0.40351
1.0 0.81 0.42 0.42424
1.0 1.0 0.42857 0.23636
1.0 0.941 0.53704 0.49181
0.63 1.0 0.2381 0.4086
0.632 0.448 0.46729 0.48648
1.0 0.7 0.25316 0.20202
0.857 0.667 0.42623 0.35898
1.0 0.75 0.43548 0.41584
0.95 0.857 0.29545 0.51064
1.0 0.941 0.39394 0.28571
0.933 1.0 0.38356 0.46154
0.652 0.583 0.32941 0.37113
0.923 0.923 0.35714 0.4
0.579 0.722 0.50877 0.30508
1.0 0.923 0.4 0.37037
0.632 0.941 0.4 0.46465
1.0 0.938 0.51064 0.33027
0.857 0.812 0.34568 0.41758
1.0 1.0 0.53061 0.48544
1.0 0.875 0.47577 0.41629
1.0 0.778 0.20254 0.21428
1.0 0.808 0.4 0.51562
1.0 0.64 0.3964 0.51282
1.0 0.722 0.51163 0.36585
0.519 0.684 0.14926 0.13889
1.0 0.8 0.48421 0.29546
1.0 0.882 0.34286 0.40909
1.0 0.778 0.61538 0.39285
0.692 0.722 0.46575 0.46914
1.0 0.667 0.32727 0.27397
0.941 0.882 0.18519 0.27642
1.0 0.905 0.35659 0.54688
1.0 0.522 0.27907 0.34783
1.0 0.75 0.50981 0.28889
1.0 0.824 0.47619 0.40367
0.958 0.545 0.25 0.34
0.941 0.833 0.28572 0.27848
1.0 0.667 0.32727 0.27397
0.938 0.833 0.18947 0.26087
1.0 0.72 0.38261 0.33043
0.9 0.708 0.30769 0.23685
0.895 0.684 0.44776 0.46753
0.938 0.7 0.20968 0.30508
1.0 0.762 0.58182 0.48544
0.914 0.833 0.42719 0.4
1.0 0.833 0.43903 0.52632
1.0 0.706 0.27848 0.375
0.96 1.0 0.2963 0.31428
1.0 0.65 0.3492 0.4058
0.714 0.762 0.38461 0.52727
1.0 1.0 0.46 0.40909
0.933 1.0 0.25974 0.27778
0.684 0.667 0.25714 0.4054
0.652 0.955 0.35514 0.4
1.0 0.905 0.27586 0.22916
1.0 0.611 0.1519 0.22222
0.714 0.524 0.47059 0.425
0.963 0.789 0.41667 0.5641
0.885 0.519 0.19355 0.35556
0.933 0.812 0.31169 0.26829
1.0 0.818 0.23881 0.29508
1.0 1.0 0.22222 0.26263
0.957 0.696 0.11111 0.31251
0.75 0.857 0.42105 0.52747
1.0 0.682 0.20225 0.22472
0.957 0.75 0.34 0.3617
0.5 0.789 0.43478 0.34344
0.613 0.765 0.40367 0.416
0.955 0.8 0.46268 0.44285
1.0 0.789 0.3609 0.42953
1.0 1.0 0.41025 0.44898
1.0 0.842 0.41975 0.35556
0.6 0.562 0.21052 0.18868
1.0 0.941 0.81081 0.7
1.0 0.926 0.38384 0.47525
1.0 0.667 0.18462 0.27397
1.0 0.824 0.24176 0.24243
0.944 0.808 0.57143 0.52381
0.941 0.833 0.25581 0.59259
1.0 0.706 0.22727 0.4
1.0 0.842 0.46552 0.3967
0.609 0.636 0.32432 0.5
1.0 0.741 0.36782 0.33044
0.923 1.0 0.14815 0.22222
0.957 0.957 0.375 0.41739
1.0 0.833 0.28986 0.39344
0.875 0.5 0.43709 0.46154
0.36 0.882 0.26866 0.1647
1.0 0.725 0.2906 0.29508
0.857 0.812 0.34568 0.41758
0.9 0.708 0.30769 0.23685
1.0 0.933 0.57143 0.59322
0.677 0.517 0.3579 0.30928
0.837 0.559 0.34951 0.65882
1.0 0.895 0.27723 0.36893
1.0 0.75 0.42424 0.52381
1.0 0.486 0.17949 0.17284
1.0 0.722 0.39437 0.43787
0.905 0.75 0.34408 0.45283
0.7 0.684 0.20254 0.45977
1.0 0.944 0.13559 0.25397
1.0 0.684 0.66667 0.59259
1.0 0.833 0.3038 0.26667
1.0 1.0 0.29032 0.28571
1.0 0.7 0.42105 0.46875
1.0 1.0 0.32592 0.31193
0.8 0.722 0.43678 0.38202
0.81 0.773 0.45871 0.33044
0.414 0.938 0.45901 0.24
0.66 0.484 0.31169 0.275
1.0 0.737 0.44094 0.47619
1.0 0.96 0.24 0.33962
1.0 0.933 0.49383 0.53658
0.5 0.882 0.42105 0.50485
0.538 1.0 0.17647 0.28985
1.0 0.786 0.43374 0.26967
1.0 0.783 0.22 0.24761
0.652 0.524 0.30631 0.46297
1.0 0.577 0.32324 0.52174
0.615 0.778 0.40964 0.325
1.0 0.882 0.31405 0.34646
0.771 0.457 0.21506 0.23077
0.917 1.0 0.38384 0.416
0.789 1.0 0.26829 0.28571
1.0 0.778 0.36538 0.25
0.679 0.652 0.26087 0.21429
1.0 0.778 0.61538 0.39285
1.0 0.741 0.36782 0.33044
1.0 1.0 0.49673 0.4
0.778 0.818 0.49315 0.39506
1.0 0.737 0.45714 0.46377
0.621 0.483 0.19444 0.23377
0.625 0.742 0.38532 0.29508
1.0 0.882 0.47693 0.52414
1.0 0.833 0.3038 0.26667
0.667 0.722 0.22917 0.38095
1.0 0.667 0.29411 0.22223
0.522 0.7 0.45652 0.46429
1.0 0.958 0.30379 0.42353
1.0 0.474 0.36036 0.36
1.0 0.684 0.43678 0.48913
1.0 0.952 0.36667 0.41976
0.741 0.643 0.30769 0.28986
1.0 0.7 0.41667 0.36956
0.914 0.64 0.25397 0.30509
0.967 0.609 0.14815 0.18181
0.833 0.722 0.35556 0.34965
0.943 1.0 0.34408 0.27369
0.722 0.857 0.46154 0.42857
0.583 0.692 0.2963 0.27083
0.944 0.789 0.37736 0.35849
1.0 0.708 0.45 0.65263
1.0 1.0 0.54762 0.41559
1.0 0.667 0.44 0.4466
1.0 0.682 0.53704 0.58
0.737 0.7 0.36111 0.36586
0.938 0.938 0.46667 0.49276
1.0 1.0 0.37647 0.30434
1.0 1.0 0.48598 0.36539
0.9 0.81 0.28571 0.23763
1.0 1.0 0.46296 0.46847
1.0 0.75 0.22472 0.21739
1.0 0.938 0.43182 0.32609
0.783 0.882 0.45045 0.48077
0.85 0.533 0.26316 0.32941
0.947 1.0 0.23077 0.45
1.0 0.882 0.46956 0.39286
0.943 0.875 0.40384 0.35897
0.652 0.524 0.30631 0.46297
0.952 0.667 0.46316 0.55914
0.724 0.737 0.55769 0.58823
0.737 0.737 0.50435 0.71622
0.871 0.742 0.47707 0.65546
1.0 0.8 0.47273 0.4486
1.0 0.938 0.55814 0.50549
0.64 0.561 0.44944 0.35555
0.929 0.867 0.44156 0.45161
1.0 0.69 0.44 0.41122
1.0 0.8 0.43564 0.30769
1.0 0.737 0.17392 0.2549
1.0 0.567 0.3617 0.36994
0.615 0.643 0.57143 0.41861
1.0 0.733 0.40541 0.46753
1.0 0.952 0.5 0.39394
1.0 1.0 0.31915 0.30769
1.0 0.895 0.33899 0.39189
0.792 0.947 0.52381 0.52525
0.615 0.778 0.40964 0.325
0.971 0.697 0.59459 0.37647
1.0 0.68 0.31326 0.4
1.0 0.737 0.5098 0.51428
1.0 0.933 0.2 0.49275
1.0 0.857 0.18919 0.24176
1.0 1.0 0.29508 0.27398
1.0 0.706 0.27161 0.28916
0.955 0.591 0.3619 0.38889
1.0 0.882 0.34567 0.26471
1.0 0.737 0.37956 0.35
0.947 1.0 0.23077 0.45
1.0 0.909 0.41666 0.36036
1.0 0.765 0.43038 0.30986
0.773 0.5 0.24097 0.2
0.657 0.462 0.22222 0.35821
0.938 1.0 0.44445 0.12
0.952 0.778 0.4697 0.38158
0.575 0.65 0.32142 0.26415
0.968 0.609 0.36842 0.29824
1.0 0.95 0.2766 0.3125
0.938 0.789 0.23853 0.40449
0.875 0.526 0.28283 0.26667
0.731 0.696 0.32609 0.43137
1.0 0.938 0.40909 0.21569
1.0 0.857 0.33334 0.35483
1.0 0.941 0.46018 0.46281
0.596 0.524 0.24616 0.32258
1.0 0.762 0.46429 0.38202
1.0 0.727 0.44445 0.39252
1.0 0.524 0.39024 0.35514
0.957 0.957 0.375 0.41739
1.0 0.917 0.26506 0.28571
0.947 0.867 0.27273 0.4898
1.0 1.0 0.41237 0.23077
0.947 0.706 0.26829 0.23158
0.75 0.714 0.30137 0.3617
1.0 1.0 0.41025 0.44898
0.895 0.737 0.26667 0.31147
1.0 0.786 0.43374 0.26967
0.667 0.789 0.5 0.49541
0.952 0.714 0.28261 0.24074
1.0 1.0 0.44944 0.38096
1.0 1.0 0.31707 0.20895
1.0 0.579 0.17977 0.34408
1.0 0.938 0.50394 0.47692
1.0 0.654 0.42201 0.42554
1.0 0.882 0.40404 0.43182
1.0 0.833 0.2683 0.27083
1.0 0.75 0.60465 0.49412
0.741 0.909 0.42858 0.34666
0.636 0.923 0.39436 0.41861
0.8 0.8 0.16129 0.25317
1.0 0.875 0.17187 0.27869
1.0 0.96 0.31325 0.36956
0.895 0.444 0.30588 0.35714
1.0 0.583 0.2 0.19178
1.0 1.0 0.41237 0.23077
0.682 0.789 0.48352 0.29907
0.892 0.588 0.21053 0.1875
0.833 0.917 0.31428 0.33846
0.972 0.7 0.50769 0.45455
1.0 0.632 0.38532 0.48936
1.0 0.895 0.55738 0.6
1.0 0.7 0.14737 0.13953
1.0 0.75 0.35821 0.60526
1.0 1.0 0.21622 0.13483
1.0 0.85 0.29787 0.29166
1.0 0.8 0.44944 0.30769
1.0 0.933 0.32727 0.26168
1.0 0.882 0.34965 0.36232
1.0 0.923 0.21052 0.27027
0.96 0.909 0.31579 0.32558
1.0 0.944 0.63934 0.6383
1.0 0.75 0.59615 0.52
1.0 0.771 0.61538 0.45544
0.75 0.842 0.35714 0.49091
0.71 1.0 0.2647 0.25352
0.476 0.857 0.51282 0.51021
1.0 0.75 0.60465 0.49412
1.0 0.722 0.37255 0.48696
1.0 0.9 0.15385 0.24691
1.0 1.0 0.27027 0.4
0.931 0.778 0.30089 0.29703
